Duration mult_1: 0:00:04.553411
Duration mult_2: 0:00:00.304973
Duration mult_3: 0:00:00.059994
Duration mult_4: 0:00:01.202963
Duration mult_5: 0:00:00.043034
Duration mult_6: 0:00:00.122168
Duration mult_7: 0:00:00.981747


res1: 
 [[9. 4. 4. ... 4. 4. 4.]
 [4. 9. 4. ... 4. 4. 4.]
 [4. 4. 9. ... 4. 4. 4.]
 ...
 [4. 4. 4. ... 9. 4. 4.]
 [4. 4. 4. ... 4. 9. 4.]
 [4. 4. 4. ... 4. 4. 9.]]
res2: 
 [[9. 4. 4. ... 4. 4. 4.]
 [4. 9. 4. ... 4. 4. 4.]
 [4. 4. 9. ... 4. 4. 4.]
 ...
 [4. 4. 4. ... 9. 4. 4.]
 [4. 4. 4. ... 4. 9. 4.]
 [4. 4. 4. ... 4. 4. 9.]]
res3: 
 [[9. 4. 4. ... 4. 4. 4.]
 [4. 9. 4. ... 4. 4. 4.]
 [4. 4. 9. ... 4. 4. 4.]
 ...
 [4. 4. 4. ... 9. 4. 4.]
 [4. 4. 4. ... 4. 9. 4.]
 [4. 4. 4. ... 4. 4. 9.]]
res4: 
 [[9. 4. 4. ... 4. 4. 4.]
 [4. 9. 4. ... 4. 4. 4.]
 [4. 4. 9. ... 4. 4. 4.]
 ...
 [4. 4. 4. ... 9. 4. 4.]
 [4. 4. 4. ... 4. 9. 4.]
 [4. 4. 4. ... 4. 4. 9.]]
res5: 
 [[9. 4. 4. ... 4. 4. 4.]
 [4. 9. 4. ... 4. 4. 4.]
 [4. 4. 9. ... 4. 4. 4.]
 ...
 [4. 4. 4. ... 9. 4. 4.]
 [4. 4. 4. ... 4. 9. 4.]
 [4. 4. 4. ... 4. 4. 9.]]
res6: 
 [[9. 4. 4. ... 4. 4. 4.]
 [4. 9. 4. ... 4. 4. 4.]
 [4. 4. 9. ... 4. 4. 4.]
 ...
 [4. 4. 4. ... 9. 4. 4.]
 [4. 4. 4. ... 4. 9. 4.]
 [4. 4. 4. ... 4. 4. 9.]]
res7: 
 [[8.00500000e+03 8.03670947e+03 8.08141494e+03 ... 5.30940394e+09
  5.31737997e+09 5.32535999e+09]
 [7.97528853e+03 8.00500000e+03 8.04070747e+03 ... 5.30143988e+09
  5.30940793e+09 5.31737997e+09]
 [7.94457706e+03 7.97329053e+03 8.00500000e+03 ... 5.29347982e+09
  5.30143988e+09 5.30940394e+09]
 ...
 [4.47676148e-02 4.67910375e-02 5.08184876e-02 ... 8.00500000e+03
  8.04070747e+03 8.08141494e+03]
 [4.07472161e-02 4.27676158e-02 4.67910375e-02 ... 7.97329053e+03
  8.00500000e+03 8.03670947e+03]
 [3.87288358e-02 4.07472161e-02 4.47676148e-02 ... 7.94457706e+03
  7.97528853e+03 8.00500000e+03]]
